%YAML:1.0
image_width: 640
image_height: 480
# distortion_parameters:
k1: 0.220805 
k2: -0.551916
p1: -0.002711
p2: 0.000137
k3: 0.000000
# projection_parameters:
fx: 634.110258
fy: 633.720541
cx: 315.207914
cy: 227.867515
